Unnamed: 0,term,tag,value,pstv,neut,ngtv,dunno,distortion
0,абат,NEUT,0.3667,0.2574,0.3762,0.0693,0.297,0.08800000000000001
1,абревіатура,NEUT,0.0,0.16,0.72,0.0,0.12,0.0
2,абзац,NEUT,0.0,0.1481,0.7037,0.0,0.1481,0.0
3,абонемент,NEUT,0.1757,0.2381,0.581,0.0476,0.1333,0.0571
4,абонентський,NEUT,0.0,0.0,0.72,0.0,0.28,0.0
5,абордажний,NEUT,-0.1205,0.1215,0.3925,0.1682,0.3178,0.2092
6,абориген,NEUT,0.0,0.04,0.64,0.16,0.16,0.05
7,аборт,NGTV,-0.7832,0.0686,0.2647,0.5784,0.0882,0.0768
8,абракадабра,NEUT,-0.0935,0.1748,0.4854,0.2233,0.1165,0.3115
9,абрикос,PSTV,0.584,0.505,0.396,0.0396,0.0594,0.0427
10,абрикосовий,NEUT,0.46,0.4,0.45,0.03,0.12,0.0323
11,абсолют,NEUT,0.4832,0.3714,0.3905,0.0571,0.181,0.0659
12,абсолютизувати,NEUT,0.1136,0.1776,0.4112,0.1308,0.2804,0.2273
13,абсолютність,NEUT,0.4024,0.37,0.49,0.05,0.09,0.0568
14,абсолютний,NEUT,0.2297,0.2647,0.5588,0.049,0.1275,0.0581
15,абстрактність,NEUT,0.0,0.12,0.72,0.0,0.16,0.0
16,абстрактний,NEUT,0.0,0.1667,0.6667,0.0667,0.1,0.0933
17,абстракція,NEUT,0.0,0.1333,0.6667,0.0667,0.1333,0.1
18,абсурдність,NGTV,-1.0,0.0,0.04,0.96,0.0,0.0
19,абсурдний,NGTV,-0.9,0.0706,0.2235,0.6706,0.0353,0.078
20,абхазець,NEUT,0.0,0.0,1.0,0.0,0.0,0.0
21,абхазький,NEUT,0.0,0.0,1.0,0.0,0.0,0.0
22,авангард,NEUT,0.473,0.3462,0.375,0.0673,0.2115,0.0804
23,аванс,NEUT,0.5308,0.4381,0.4,0.0762,0.0857,0.0894
24,авантюра,NGTV,-0.4909,0.1981,0.2075,0.4528,0.1415,0.2848
25,авантюризм,NEUT,-0.2753,0.1698,0.3302,0.3302,0.1698,0.2571
26,авантюрист,NEUT,-0.1538,0.2079,0.297,0.297,0.198,0.3535
27,авантюристичний,NEUT,0.1202,0.2816,0.2816,0.2136,0.2233,0.3756
28,авантюристка,NGTV,-0.4315,0.1727,0.2727,0.4091,0.1455,0.2457
29,авантюрний,NEUT,-0.0294,0.2636,0.2909,0.2818,0.1636,0.5103
30,аварійка,NEUT,-0.0968,0.1795,0.4786,0.2308,0.1111,0.3191
31,аварійний,NGTV,-1.0,0.0714,0.1571,0.6571,0.1143,0.0792
32,аварійники,NEUT,0.0943,0.219,0.4571,0.1714,0.1524,0.3056
33,аварія,NGTV,-1.0,0.08,0.04,0.84,0.04,0.0876
34,аватарка,NEUT,0.19,0.2277,0.5347,0.0792,0.1584,0.1068
35,Серпень,NEUT,0.1864,0.27,0.64,0.01,0.08,0.0104
36,серпневий,NEUT,0.0357,0.1613,0.5806,0.0645,0.1935,0.0903
37,авіаквиток,NEUT,0.069,0.2037,0.6667,0.037000000000000005,0.0926,0.0438
38,авиагородок,NEUT,0.2358,0.25,0.5192,0.0385,0.1923,0.0444
39,авіакаса,NEUT,0.1699,0.23,0.57,0.03,0.17,0.0339
40,авіакатастрофа,NGTV,-0.9828,0.0769,0.1923,0.7308,0.0,0.085
41,авіакомпанія,NEUT,0.3293,0.3366,0.5446,0.0693,0.0495,0.0836
42,авіаконструктор,NEUT,0.4179,0.3942,0.5,0.0288,0.0769,0.031
43,авіакрило,NEUT,0.0,0.16,0.68,0.0,0.16,0.0
44,авіалінія,NEUT,0.0,0.16,0.64,0.0,0.2,0.0
45,авіапарк,NEUT,0.3333,0.3,0.48,0.04,0.18,0.0453
46,авіапереліт,NEUT,0.1,0.2,0.6,0.04,0.16,0.048
47,авіапошта,NEUT,0.1,0.1786,0.5357,0.0357,0.25,0.0429
48,авіарейс,NEUT,0.0,0.16,0.72,0.0,0.12,0.0
49,авіасалон,NEUT,0.2636,0.28,0.54,0.04,0.14,0.0457
50,авіатранспорт,NEUT,0.2984,0.33,0.58,0.02,0.07,0.0212
51,авіаційний,NEUT,0.0,0.1613,0.7419,0.0,0.0968,0.0
52,авіація,NEUT,0.3378,0.3069,0.4851,0.099,0.1089,0.1309
53,авітаміноз,NGTV,-1.0,0.0,0.12,0.8,0.08,0.0
54,авокадо,NEUT,0.4512,0.39,0.45,0.05,0.11,0.0564
55,австралієць,NEUT,0.0,0.0,1.0,0.0,0.0,0.0
56,австралійський,NEUT,0.0,0.0,1.0,0.0,0.0,0.0
57,австрійський,NEUT,0.0,0.0,1.0,0.0,0.0,0.0
58,авто,NEUT,0.0806,0.1714,0.5429,0.0286,0.2571,0.0333
59,автобіографія,NEUT,0.2742,0.3107,0.5825,0.0291,0.0777,0.0319
60,автобус,NEUT,0.051,0.2143,0.7381,0.0476,0.0,0.0582
61,автобусний,NEUT,0.0,0.1481,0.7037,0.037000000000000005,0.1111,0.0463
62,автовласник,NEUT,0.4141,0.39,0.5,0.06,0.05,0.0692
63,автовокзал,NEUT,0.0357,0.2,0.72,0.04,0.04,0.048
64,автогонка,NEUT,0.0357,0.1852,0.6667,0.037000000000000005,0.1111,0.0444
65,автогонки,NEUT,0.3532,0.3069,0.4653,0.0891,0.1386,0.115
66,автограф,NEUT,0.4091,0.4,0.52,0.04,0.04,0.044
67,автодорога,NEUT,0.0,0.0741,0.8519,0.0,0.0741,0.0
68,автодорожній,NEUT,0.0,0.08,0.72,0.0,0.2,0.0
69,автодром,NEUT,0.2909,0.2843,0.5098,0.0686,0.1373,0.0852
70,автозаправка,NEUT,0.0,0.08,0.72,0.0,0.2,0.0
71,автозаправний,NEUT,0.0,0.16,0.72,0.04,0.08,0.05
72,автокатастрофа,NGTV,-1.0,0.0,0.16,0.8,0.04,0.0
73,автоклуб,NEUT,0.069,0.2,0.6545,0.0727,0.0727,0.0992
74,автокрісло,NEUT,0.374,0.3663,0.5248,0.0099,0.099,0.0102
75,автоледи,NEUT,0.2235,0.22,0.43,0.12,0.23,0.1855
76,автолюбитель,NEUT,0.1,0.2,0.6,0.04,0.16,0.048
77,автомагазин,NEUT,0.2317,0.2913,0.6117,0.0291,0.068,0.032
78,автомагістраль,NEUT,0.0,0.16,0.68,0.0,0.16,0.0
79,автомагнітола,NEUT,0.1632,0.21,0.53,0.02,0.24,0.0219
80,автомат,NEUT,-0.1094,0.1288,0.5758,0.197,0.0985,0.213
81,автоматизація,NEUT,0.5,0.4158,0.4158,0.0198,0.1485,0.0207
82,автоматизувати,NEUT,0.413,0.35,0.45,0.06,0.14,0.0703
83,автоматично,NEUT,0.0172,0.2,0.76,0.04,0.0,0.048
84,автоматичний,NEUT,0.0,0.1923,0.7692,0.0,0.0385,0.0
85,автоматний,NEUT,0.117,0.1782,0.4653,0.1287,0.2277,0.2217
86,автоматник,NEUT,-0.1682,0.17,0.42,0.26,0.15,0.2812
87,автомашина,NEUT,0.2846,0.3178,0.5794,0.0467,0.0561,0.0536
88,автомобілебудування,NEUT,0.3605,0.3524,0.5238,0.0286,0.0952,0.0309
89,автомобілебудівний,NEUT,0.0714,0.18600000000000005,0.6047,0.0698,0.1395,0.0959
90,автомобіліст,NEUT,0.0,0.12,0.76,0.0,0.12,0.0
91,автомобіль,NEUT,0.3203,0.3302,0.5472,0.0566,0.066,0.0663
92,автомобільний,NEUT,0.1,0.2267,0.68,0.0267,0.0667,0.0298
93,автомобільчик,NEUT,0.4919,0.402,0.4118,0.098,0.0882,0.122
94,автомийка,NEUT,0.1,0.2143,0.6429,0.0476,0.0952,0.0582
95,автономізація,NEUT,0.31,0.2673,0.4554,0.0,0.2772,0.0
96,автономний,NEUT,0.0,0.0741,0.7407,0.037000000000000005,0.1481,0.0556
97,автопарк,NEUT,0.25,0.2647,0.5294,0.0588,0.1471,0.0719
98,автопілот,NEUT,0.3254,0.325,0.5313,0.0938,0.05,0.1208
99,автопортрет,NEUT,0.0,0.16,0.72,0.04,0.08,0.05
100,автопробіг,NEUT,0.2742,0.2857,0.5357,0.0982,0.0804,0.132
101,автовиробник,NEUT,0.3333,0.35,0.56,0.02,0.07,0.0211
102,автор,NEUT,0.2606,0.3,0.5833,0.05,0.0667,0.0583
103,авторитет,PSTV,0.9,0.5660000000000001,0.1887,0.0755,0.1698,0.0855
104,авторитетність,PSTV,0.9,0.6923,0.2308,0.0769,0.0,0.0855
105,авторитетний,PSTV,1.0,0.75,0.1786,0.0357,0.0357,0.0374
106,авторський,NEUT,0.3958,0.3496,0.4715,0.0732,0.1057,0.0885
107,авторство,NEUT,0.5234,0.38,0.34,0.1,0.18,0.1263
108,авторучка,NEUT,0.2304,0.28,0.59,0.05,0.08,0.0589
109,авторинок,NEUT,0.0,0.0345,0.8966,0.0,0.069,0.0
110,автосалон,NEUT,0.1,0.2,0.6,0.04,0.16,0.048
111,автосервіс,NEUT,0.25,0.2885,0.5769,0.0192,0.1154,0.0205
112,автоспорт,NEUT,0.412,0.3725,0.4804,0.0686,0.0784,0.0813
113,автостанція,NEUT,0.1699,0.23,0.57,0.06,0.14,0.0757
114,автостоп,NEUT,0.0,0.1613,0.6452,0.0,0.1935,0.0
115,автотранспорт,NEUT,0.4194,0.3725,0.4706,0.0392,0.1176,0.0433
116,автотранспортний,NEUT,0.0,0.12,0.72,0.04,0.12,0.0533
117,автовикрадача,NGTV,-1.0,0.0357,0.1071,0.8571,0.0,0.0372
118,автоцентр,NEUT,0.0556,0.2,0.68,0.04,0.08,0.048
119,автошкола,NEUT,0.3849,0.4059,0.5644,0.0099,0.0198,0.0101
120,агент,NEUT,0.0357,0.1786,0.6429,0.0714,0.1071,0.1
121,агентка,NEUT,0.0862,0.1683,0.5248,0.1188,0.1881,0.2027
122,агентський,NEUT,0.0,0.04,0.6,0.12,0.24,0.0533
123,агентство,NEUT,0.0833,0.1972,0.6197,0.0704,0.1127,0.0956
124,агентша,NEUT,0.0422,0.1471,0.5196,0.1275,0.2059,0.2379
125,агітувати,NEUT,0.0548,0.217,0.4434,0.1887,0.1509,0.3527
126,агонія,NGTV,-1.0,0.0385,0.1154,0.5769,0.2692,0.041
127,агресивність,NGTV,-1.0,0.08,0.12,0.76,0.04,0.0884
128,агресивний,NGTV,-1.0,0.0385,0.0769,0.8846,0.0,0.0401
129,агресія,NGTV,-1.0,0.04,0.08,0.8,0.08,0.042
130,агроном,NEUT,0.2984,0.3084,0.5421,0.0187,0.1308,0.0198
131,адаптаційний,NEUT,0.431,0.3564,0.4356,0.0693,0.1386,0.0828
132,адаптація,PSTV,0.5952,0.4808,0.3654,0.0385,0.1154,0.0415
133,адаптувати,PSTV,0.9194,0.7037,0.2222,0.037000000000000005,0.037000000000000005,0.039
134,адвокат,NEUT,0.2815,0.31,0.57,0.05,0.07,0.0581
135,адвокатський,NEUT,0.1,0.2188,0.6563,0.0,0.125,0.0
136,адвокатура,NEUT,0.2813,0.2451,0.451,0.0686,0.2353,0.0878
137,адекватність,PSTV,0.9706,0.7857,0.2143,0.0,0.0,0.0
138,адекватний,PSTV,1.0,0.8077,0.0769,0.0769,0.0385,0.0842
139,аджика,NEUT,0.2341,0.2549,0.4412,0.1373,0.1667,0.2112
140,адідас,NEUT,0.1216,0.1949,0.5508,0.1271,0.1271,0.21
141,адмін,NEUT,0.199,0.24,0.55,0.07,0.14,0.0904
142,адміністративний,NEUT,0.0,0.1538,0.6923,0.0385,0.1154,0.0481
143,адміністратор,NEUT,0.2909,0.2871,0.5149,0.0495,0.1485,0.058
144,адміністраторський,NEUT,0.0,0.08,0.8,0.04,0.08,0.06
145,адміністраторша,NEUT,0.0796,0.2079,0.4851,0.1683,0.1386,0.3046
146,адміністрація,NEUT,0.1729,0.24,0.59,0.08,0.09,0.1067
147,адмірал,NEUT,0.45,0.3762,0.4356,0.0891,0.099,0.1102
148,адреналін,PSTV,0.6282,0.49,0.34,0.05,0.12,0.0551
149,адреса,NEUT,0.0,0.16,0.72,0.04,0.08,0.05
150,адресний,NEUT,0.0,0.16,0.76,0.04,0.04,0.05
151,адресувати,NEUT,0.0806,0.2143,0.6786,0.0357,0.0714,0.0417
152,адресу,NEUT,0.0769,0.1724,0.5517,0.069,0.2069,0.0966
153,пекельно,NGTV,-1.0,0.0,0.0769,0.8846,0.0385,0.0
154,пекельний,NGTV,-1.0,0.04,0.12,0.84,0.0,0.0419
155,ажіотаж,NEUT,0.0769,0.1923,0.6154,0.0385,0.1538,0.0462
156,азарт,NEUT,-0.1448,0.1619,0.5048,0.2381,0.0952,0.272
157,азартний,NGTV,-0.5893,0.11,0.34,0.44,0.11,0.1375
158,Абетка,NEUT,0.5373,0.48,0.43,0.03,0.06,0.0319
159,азербайджанець,NEUT,0.0,0.0,1.0,0.0,0.0,0.0
160,азербайджанський,NEUT,0.0,0.0,1.0,0.0,0.0,0.0
161,азіат,NEUT,0.0,0.0,1.0,0.0,0.0,0.0
162,азіатський,NEUT,0.0,0.0,1.0,0.0,0.0,0.0
163,азот,NEUT,0.0,0.1333,0.7,0.0667,0.1,0.1
164,лелека,PSTV,0.6,0.5149,0.3861,0.0297,0.0693,0.0314
165,айкідо,NEUT,0.1,0.2,0.6,0.0667,0.1333,0.0889
166,айсберг,NEUT,0.0,0.1345,0.5798,0.1092,0.1765,0.198
167,айтішник,NEUT,0.0,0.1333,0.6333,0.0667,0.1667,0.1
168,айфон,NEUT,0.3017,0.31,0.54,0.08,0.07,0.1006
169,академмістечко,NEUT,0.4208,0.31,0.39,0.04,0.26,0.0452
170,академік,PSTV,0.5559,0.5,0.4245,0.066,0.0094,0.0748
171,академічний,NEUT,0.388,0.3627,0.5,0.049,0.0882,0.0556
172,академія,PSTV,0.5579,0.45,0.38,0.08,0.09,0.0942
173,акація,NEUT,0.4583,0.422,0.4771,0.0,0.1009,0.0
174,акваланг,NEUT,0.4023,0.3883,0.5146,0.0194,0.0777,0.0204
175,аквалангіст,NEUT,0.0806,0.24,0.76,0.0,0.0,0.0
176,аквамарин,NEUT,0.3,0.28,0.49,0.05,0.18,0.0589
177,аквапарк,PSTV,0.7881,0.6139,0.2772,0.0495,0.0594,0.0535
178,акварель,NEUT,0.4462,0.4059,0.4752,0.0297,0.0891,0.0319
179,акварельний,NEUT,0.3974,0.35,0.47,0.02,0.16,0.0211
180,акваріум,NEUT,0.0,0.0882,0.7353,0.0588,0.1176,0.098
181,акваріумний,NEUT,0.0172,0.1923,0.7308,0.0,0.0769,0.0
182,аккаунт,NEUT,0.1,0.1702,0.5106,0.0426,0.2766,0.0532
183,акорд,NEUT,0.4328,0.37,0.45,0.01,0.17,0.0103
184,акордеон,NEUT,0.3496,0.32,0.49,0.05,0.14,0.0578
185,акумулювання,NEUT,0.4652,0.37,0.41,0.07,0.15,0.0832
186,акумулятор,NEUT,0.0833,0.2,0.6286,0.0286,0.1429,0.0327
187,аккуратненький,PSTV,1.0,0.72,0.16,0.0,0.12,0.0
188,акуратненько,PSTV,0.9828,0.76,0.2,0.04,0.0,0.0421
189,акуратність,PSTV,1.0,0.76,0.16,0.0,0.08,0.0
190,акуратний,PSTV,1.0,0.8846,0.1154,0.0,0.0,0.0
191,акробат,NEUT,0.434,0.3267,0.396,0.099,0.1782,0.129
192,акробатика,NEUT,0.3244,0.3529,0.5784,0.0098,0.0588,0.0101
193,акробатично,NEUT,0.3889,0.3846,0.5288,0.0385,0.0481,0.0423
194,акробатичний,NEUT,0.316,0.3333,0.5588,0.0392,0.0686,0.0438
195,акробатка,NEUT,0.4213,0.3786,0.4757,0.068,0.0777,0.0802
196,аксесуар,NEUT,0.3824,0.3846,0.5385,0.0288,0.0481,0.031
197,акт,NEUT,0.1346,0.2157,0.5882,0.0784,0.1176,0.107
198,актив,PSTV,0.8859999999999999,0.6235,0.21600000000000005,0.0309,0.1296,0.0324
199,активація,NEUT,0.4375,0.381,0.4571,0.0571,0.1048,0.0657
200,активізуватися,PSTV,0.7051,0.5446,0.3069,0.0495,0.099,0.054000000000000006
201,активізм,PSTV,0.7653,0.5,0.24,0.06,0.2,0.0672
202,активування,NEUT,0.3952,0.37,0.5,0.04,0.09,0.0443
203,активувати,NEUT,0.4556,0.3981,0.4537,0.0833,0.0648,0.1008
204,активіст,PSTV,1.0,0.72,0.16,0.04,0.08,0.0422
205,активістка,PSTV,0.84,0.5437,0.2136,0.1068,0.1359,0.1278
206,активність,PSTV,0.8158,0.62,0.26,0.05,0.07,0.054000000000000006
207,активний,PSTV,1.0,0.72,0.16,0.04,0.08,0.0422
208,актриса,NEUT,0.3678,0.35,0.51,0.03,0.11,0.0326
209,актуалізуватися,PSTV,0.5556,0.4,0.34,0.03,0.23,0.0323
210,актуальність,PSTV,1.0,0.84,0.08,0.0,0.08,0.0
211,актуальний,PSTV,0.8,0.6275,0.2745,0.0392,0.0588,0.0417
212,актор,NEUT,0.4778,0.4314,0.4608,0.0196,0.0882,0.0205
213,акторський,NEUT,0.3136,0.32,0.54,0.06,0.08,0.0713
214,акторство,NEUT,0.4643,0.4455,0.495,0.0297,0.0297,0.0317
215,акула,NEUT,-0.2534,0.1333,0.5048,0.2667,0.0952,0.2
216,акустичний,NEUT,0.0,0.1071,0.7143,0.0,0.1786,0.0
217,акушер,NEUT,0.4545,0.35,0.4,0.08,0.17,0.0983
218,акушерка,NEUT,0.5179,0.4,0.35,0.11,0.14,0.1403
219,акцент,NEUT,0.0625,0.2143,0.7143,0.0,0.0714,0.0
220,акцентування,NEUT,0.4029,0.3069,0.4059,0.0693,0.2178,0.085
221,акцентувати,NEUT,0.2311,0.2762,0.581,0.019,0.1238,0.0204
222,акція,PSTV,0.6022,0.5093,0.3796,0.0463,0.0648,0.0505
223,алгебра,NEUT,0.0702,0.25,0.44,0.21,0.1,0.3864
224,алгебраїчний,NEUT,0.1,0.24,0.72,0.0,0.04,0.0
225,алгоритм,NEUT,0.0,0.16,0.64,0.04,0.16,0.05
226,аленький,PSTV,0.9179,0.7069,0.2241,0.0345,0.0345,0.0362
227,алкашка,NGTV,-1.0,0.08,0.0,0.88,0.04,0.0873
228,алкоголізм,NGTV,-0.9828,0.0,0.2,0.76,0.04,0.0
229,алкоголічка,NGTV,-0.9146,0.0294,0.2353,0.7353,0.0,0.0306
230,алкогольний,NGTV,-0.6859999999999999,0.0577,0.3365,0.5673,0.0385,0.0636
231,алконавт,NGTV,-1.0,0.08,0.12,0.68,0.12,0.0894
232,аллах,NEUT,0.0,0.0,1.0,0.0,0.0,0.0
233,алегорично,NEUT,0.1404,0.1863,0.5,0.098,0.2157,0.1496
234,алергічний,NGTV,-0.7241,0.05,0.3,0.56,0.09,0.0545
235,алергія,NGTV,-1.0,0.0667,0.1333,0.7333,0.0667,0.0727
236,алея,NEUT,0.4762,0.41,0.44,0.06,0.09,0.0688
237,алігатор,NEUT,-0.2009,0.1584,0.4653,0.2673,0.1089,0.2523
238,алмаз,PSTV,0.66,0.5238,0.3333,0.0571,0.0857,0.0634
239,алмазік,NEUT,0.4744,0.3762,0.4059,0.0594,0.1584,0.0688
240,алмазний,NEUT,0.4706,0.4272,0.466,0.0291,0.0777,0.0311
241,алогічність,NEUT,-0.3462,0.1333,0.2857,0.3048,0.2762,0.1917
242,алогічний,NGTV,-0.3585,0.125,0.3077,0.3077,0.2596,0.1758
243,алое,NEUT,0.3136,0.3137,0.5294,0.049,0.1078,0.0567
244,алтайський,NEUT,0.0,0.0,1.0,0.0,0.0,0.0
245,алтин,NEUT,0.4184,0.3,0.38,0.08,0.24,0.1013
246,алфавіт,PSTV,0.5571,0.5098,0.4314,0.0392,0.0196,0.0422
247,алфавітний,NEUT,0.1,0.1915,0.5745,0.0426,0.1915,0.052000000000000005
248,алхімія,NEUT,0.2857,0.2772,0.4554,0.1287,0.1386,0.1885
249,червоний,NEUT,0.3015,0.3182,0.5545,0.0636,0.0636,0.0764
250,алича,NEUT,0.4459,0.35,0.41,0.01,0.23,0.0103
251,альбінос,NEUT,0.201,0.233,0.4563,0.1359,0.1748,0.2152
252,альбомний,NEUT,0.0,0.04,0.84,0.08,0.04,0.06
253,альбомчик,PSTV,0.5656,0.451,0.3725,0.0294,0.1471,0.0313
254,альпінізм,NEUT,0.1,0.2,0.6,0.0286,0.1714,0.0327
255,альпініст,NEUT,0.3644,0.34,0.5,0.03,0.13,0.0326
256,альпіністка,NEUT,0.4435,0.3861,0.4554,0.0495,0.1089,0.0559
257,альпіністський,NEUT,0.0,0.1154,0.6154,0.0385,0.2308,0.0513
258,альтернатива,NEUT,0.5213,0.4623,0.434,0.0283,0.0755,0.03
259,альтернативний,NEUT,0.3067,0.32,0.55,0.03,0.1,0.0328
260,альтруїзм,PSTV,0.7921,0.4653,0.2079,0.0693,0.2574,0.0796
261,альфа,NEUT,0.3788,0.29,0.41,0.05,0.25,0.0586
262,альянс,NEUT,0.4767,0.35,0.375,0.0667,0.2083,0.0794
263,алюмінієвий,NEUT,0.0,0.1081,0.6486,0.0541,0.1892,0.0811
264,алюміній,NEUT,0.1509,0.2277,0.5941,0.0693,0.1089,0.0904
265,амазонка,NEUT,0.3036,0.3,0.52,0.11,0.07,0.1503
266,амбал,NGTV,-0.6818,0.07,0.3,0.5,0.13,0.0798
267,амбіція,NEUT,0.4727,0.44,0.26,0.18,0.12,0.2536
268,американець,NEUT,0.0,0.0,1.0,0.0,0.0,0.0
269,американізація,NEUT,0.0,0.0,0.72,0.16,0.12,0.0
270,американка,NEUT,0.0,0.0,1.0,0.0,0.0,0.0
271,американський,NEUT,0.0,0.0,1.0,0.0,0.0,0.0
272,аморальність,NGTV,-1.0,0.0571,0.0857,0.7429,0.1143,0.0615
273,аморальний,NGTV,-1.0,0.08,0.04,0.8,0.08,0.08800000000000001
274,амплітуда,NEUT,0.0,0.1333,0.5333,0.0667,0.2667,0.1
275,амулет,PSTV,0.6081,0.45,0.33,0.09,0.13,0.108
276,аналіз,NEUT,0.3952,0.3663,0.495,0.0297,0.1089,0.0321
277,аналізування,NEUT,0.5075,0.4327,0.4231,0.0192,0.125,0.0201
278,аналізувати,PSTV,0.5859,0.5,0.39,0.01,0.1,0.0102
279,аналог,NEUT,0.199,0.2376,0.5446,0.0495,0.1683,0.0598
280,аналогичность,NEUT,0.2091,0.2524,0.5631,0.068,0.1165,0.0863
281,аналогічний,NEUT,0.1111,0.22,0.64,0.03,0.11,0.0341
282,анальгін,NEUT,0.2576,0.2451,0.4804,0.0784,0.1961,0.1035
283,ананас,NEUT,0.4857,0.4381,0.4571,0.0286,0.0762,0.0304
284,ананасовий,NEUT,0.4231,0.396,0.495,0.0198,0.0891,0.0208
285,анархістський,NGTV,-0.6308,0.0693,0.3069,0.4455,0.1782,0.0801
286,анархія,NGTV,-0.7,0.06,0.28,0.49,0.17,0.0673
287,анатомія,NEUT,0.1,0.2069,0.6207,0.0345,0.1379,0.0402
288,ангар,NEUT,0.0,0.1316,0.6579,0.0658,0.1447,0.0987
289,янгол,PSTV,1.0,0.92,0.08,0.0,0.0,0.0
290,ангелок,PSTV,1.0,0.8276,0.0345,0.069,0.069,0.0747
291,янголятко,PSTV,1.0,0.92,0.08,0.0,0.0,0.0
292,ангельски,PSTV,1.0,0.8846,0.0385,0.0,0.0769,0.0
293,ангіна,NGTV,-0.9,0.0833,0.2222,0.6667,0.0278,0.0938
294,англійська,NEUT,0.0,0.0,1.0,0.0,0.0,0.0
295,англієць,NEUT,0.0,0.0,1.0,0.0,0.0,0.0
296,англійка,NEUT,0.0,0.0,1.0,0.0,0.0,0.0
297,андроїд,NEUT,0.0172,0.1724,0.6552,0.069,0.1034,0.0966
298,анекдот,PSTV,1.0,0.8077,0.1923,0.0,0.0,0.0
299,аніматор,NEUT,0.5079,0.4257,0.4158,0.0396,0.1188,0.0433
300,анімація,NEUT,0.34,0.3465,0.5446,0.0198,0.0891,0.0209
301,аніме,NEUT,0.2419,0.2735,0.4444,0.1453,0.1368,0.2225
302,анкета,NEUT,0.0,0.0857,0.8,0.0571,0.0571,0.0952
303,анкетування,NEUT,0.0,0.0385,0.6923,0.0769,0.1923,0.0577
304,анулювати,NGTV,-0.5,0.09,0.4,0.4,0.11,0.1103
305,аномалія,NGTV,-0.5,0.0909,0.4182,0.4182,0.0727,0.1107
306,аномальність,NGTV,-0.575,0.1,0.37,0.46,0.07,0.1217
307,аномальний,NGTV,-0.5429999999999999,0.1089,0.3366,0.4059,0.1485,0.1381
308,анонім,NEUT,0.0,0.1471,0.6373,0.1471,0.0686,0.2941
309,анонимка,NEUT,-0.2778,0.09,0.52,0.28,0.11,0.1189
310,анонімність,NEUT,0.0,0.1628,0.7093,0.0698,0.0581,0.0997
311,анонімний,NEUT,0.0,0.12,0.76,0.04,0.08,0.0533
312,анорексія,NGTV,-1.0,0.0,0.1111,0.8148,0.0741,0.0
313,ансамбль,NEUT,0.4851,0.4314,0.451,0.0294,0.0882,0.0314
314,антагоніст,NGTV,-0.7247,0.0667,0.219,0.4095,0.3048,0.0775
315,антагоністичний,NGTV,-0.6515,0.0577,0.2692,0.4135,0.2596,0.0657
316,антарктичний,NEUT,0.0,0.1485,0.6337,0.0891,0.1287,0.1426
317,антеннка,NEUT,0.2419,0.2277,0.4653,0.0792,0.2277,0.1068
318,антибактеріальний,PSTV,0.7091,0.52,0.29,0.12,0.07,0.1477
319,антибіотик,NEUT,0.4512,0.39,0.45,0.07,0.09,0.0826
320,антивірус,PSTV,1.0,0.76,0.16,0.08,0.0,0.0884
321,антивоєнний,PSTV,0.6667,0.4902,0.2451,0.1471,0.1176,0.1912
322,антигерой,NGTV,-0.8421,0.0495,0.2475,0.6337,0.0693,0.0534
323,антидепресант,NEUT,0.1255,0.3069,0.3861,0.2277,0.0792,0.3967
324,антикваріат,NEUT,0.436,0.39,0.47,0.04,0.1,0.0441
325,антикварний,NEUT,0.3473,0.3663,0.5644,0.0198,0.0495,0.0209
326,антилопа,NEUT,0.371,0.3564,0.5149,0.0396,0.0891,0.044
327,антинауковий,NGTV,-0.7018,0.1188,0.2871,0.505,0.0891,0.1468
328,антиурядовий,NGTV,-0.4344,0.1667,0.2745,0.402,0.1569,0.2358
329,антирелігійний,NEUT,-0.2575,0.1683,0.3663,0.3168,0.1485,0.2577
330,антисанітарія,NGTV,-1.0,0.08,0.12,0.68,0.12,0.0894
331,антисептик,PSTV,0.6463,0.5196,0.3431,0.0588,0.0784,0.0655
332,антонім,NEUT,0.0,0.0,0.72,0.12,0.16,0.0
333,анфас,NEUT,0.0,0.0714,0.5476,0.0476,0.3333,0.0794
334,апартаменти,NEUT,0.4344,0.38,0.46,0.03,0.13,0.0324
335,апельсин,NEUT,0.4286,0.3861,0.4752,0.0891,0.0495,0.1097
336,апельсиновий,NEUT,0.3361,0.34,0.54,0.02,0.1,0.0212
337,апельсиновий,NEUT,0.5373,0.4752,0.4257,0.0396,0.0594,0.0429
338,аплодувати,PSTV,1.0,0.84,0.12,0.0,0.04,0.0
339,оплески,PSTV,1.0,0.7308,0.1154,0.0769,0.0769,0.085
340,апогей,NEUT,0.12,0.2255,0.3922,0.1667,0.2157,0.2899
341,апокаліпсис,NGTV,-1.0,0.0667,0.0,0.9333,0.0,0.0714
342,апорт,NEUT,0.2097,0.2115,0.4712,0.0769,0.2404,0.1049
343,апостол,PSTV,0.6089,0.41,0.3,0.09,0.2,0.1098
344,апостроф,NEUT,0.1,0.1818,0.5455,0.0682,0.2045,0.0938
345,апарат,NEUT,0.2368,0.2617,0.5421,0.0561,0.1402,0.0681
346,апаратура,NEUT,0.1,0.2222,0.6667,0.0,0.1111,0.0
347,апендикс,NGTV,-0.3532,0.1,0.47,0.31,0.12,0.1323
348,апетит,PSTV,0.6304,0.537,0.3704,0.0185,0.0741,0.0192
349,апетитність,PSTV,0.8365,0.58,0.23,0.04,0.15,0.0428
350,апетитний,PSTV,1.0,0.8,0.12,0.0,0.08,0.0
351,аплікатор,NEUT,0.3529,0.29,0.44,0.04,0.23,0.0455
352,аплікація,NEUT,0.4174,0.3524,0.4476,0.0571,0.1429,0.0664
353,квітень,NEUT,0.1923,0.2673,0.6238,0.0594,0.0495,0.0726
354,квітневий,NEUT,0.2805,0.3168,0.5842,0.0495,0.0495,0.0572
355,аптека,NEUT,0.4923,0.4216,0.4314,0.0882,0.0588,0.1067
356,аптекарка,NEUT,0.4034,0.36,0.46,0.12,0.06,0.16
357,аптекар,NEUT,0.4692,0.42,0.46,0.05,0.07,0.056
358,аптечка,PSTV,0.6395,0.55,0.37,0.04,0.04,0.0429
359,аптечний,NEUT,0.0,0.08,0.8,0.04,0.08,0.06
360,араб,NEUT,0.0,0.0,1.0,0.0,0.0,0.0
361,арабіка,NEUT,0.0556,0.1852,0.6296,0.0,0.1852,0.0
362,арабська,NEUT,0.0,0.0,1.0,0.0,0.0,0.0
363,арахіс,NEUT,0.4,0.36,0.48,0.03,0.13,0.0325
364,арахісовий,NEUT,0.2105,0.2673,0.5941,0.0495,0.0891,0.0587
365,арбалетник,NEUT,0.0,0.13,0.57,0.11,0.19,0.2031
366,кавун,NEUT,0.5444,0.4712,0.4135,0.0096,0.1058,0.0098
367,кавуновий,NEUT,0.2436,0.2871,0.5842,0.0,0.1287,0.0
368,аргумент,NEUT,0.5,0.42,0.42,0.09,0.07,0.1093
369,аргументовано,NEUT,0.4535,0.4059,0.4653,0.0495,0.0792,0.0555
370,аргументованість,PSTV,0.8276,0.6275,0.2549,0.0196,0.098,0.0202
371,аргументовану,PSTV,0.7734,0.6286,0.2952,0.0286,0.0476,0.0299
372,аргументувати,NEUT,0.541,0.44,0.39,0.09,0.08,0.1084
373,арена,NEUT,0.1122,0.2,0.58,0.13,0.09,0.2145
374,оренда,NEUT,0.1964,0.2549,0.5882,0.0588,0.098,0.0724
375,орендар,NEUT,0.1,0.2308,0.6923,0.0385,0.0385,0.0449
376,орендний,NEUT,0.0,0.0891,0.6634,0.1188,0.1287,0.1559
377,орендувати,NEUT,0.0172,0.1852,0.7037,0.0,0.1111,0.0
378,орендодавець,NEUT,0.1,0.1935,0.5806,0.0323,0.1935,0.0376
379,арешт,NGTV,-1.0,0.0385,0.0769,0.7308,0.1538,0.0405
380,заарештованого,NGTV,-0.8939,0.1287,0.198,0.5842,0.0891,0.1571
381,заарештувати,NGTV,-0.9,0.0571,0.2286,0.6857,0.0286,0.0619
382,заарештовувати,NGTV,-0.9324,0.0882,0.2059,0.6765,0.0294,0.0997
383,аристократ,NEUT,0.4851,0.4272,0.4466,0.0388,0.0874,0.0424
384,аристократично,NEUT,0.4174,0.3663,0.4653,0.0396,0.1287,0.0439
385,аристократичний,NEUT,0.5373,0.4528,0.4057,0.0755,0.066,0.0881
386,аристократичність,NEUT,0.5315,0.4412,0.402,0.0588,0.098,0.0667
387,аристократія,NEUT,0.229,0.2385,0.5046,0.1193,0.1376,0.1789
388,аритмія,NGTV,-0.9,0.087,0.1957,0.5870000000000001,0.1304,0.0998
389,арифметично,NEUT,0.0941,0.2,0.61,0.08,0.11,0.112
390,арктичний,NEUT,0.0,0.1538,0.7308,0.0,0.1154,0.0
391,армієць,NEUT,0.1,0.1786,0.5357,0.0714,0.2143,0.1
392,армійський,NEUT,0.0,0.1538,0.6923,0.0385,0.1154,0.0481
393,армія,NEUT,-0.1048,0.1743,0.4862,0.2294,0.1101,0.3068
394,армрестлінг,NEUT,0.2159,0.21,0.46,0.11,0.22,0.1676
395,вірменин,NEUT,0.0,0.0,1.0,0.0,0.0,0.0
396,вірменка,NEUT,0.0,0.0,1.0,0.0,0.0,0.0
397,вірменський,NEUT,0.0,0.0,1.0,0.0,0.0,0.0
398,аромат,PSTV,0.6818,0.55,0.33,0.03,0.09,0.0316
399,ароматерапія,PSTV,0.7353,0.5,0.26,0.07,0.17,0.0798
400,ароматизація,NEUT,0.3793,0.3366,0.4752,0.0396,0.1485,0.0443
401,ароматичний,NEUT,0.5435,0.5,0.44,0.02,0.04,0.0208
402,ароматичность,PSTV,0.9,0.6207,0.2069,0.069,0.1034,0.0766
403,ароматний,PSTV,0.9706,0.7333,0.2,0.0,0.0667,0.0
404,арочний,NEUT,0.0,0.1111,0.6667,0.037000000000000005,0.1852,0.0494
405,арсенал,NEUT,0.0217,0.129,0.4839,0.0645,0.3226,0.0968
406,артилерист,NEUT,0.0663,0.1748,0.4757,0.1456,0.2039,0.267
407,артилерія,NEUT,-0.1047,0.15,0.51,0.2,0.14,0.2625
408,артист,PSTV,0.5859,0.495,0.3861,0.0297,0.0891,0.0315
409,артистично,PSTV,0.7632,0.58,0.28,0.04,0.1,0.0428
410,артистичний,PSTV,0.8056,0.58,0.25,0.08,0.09,0.091
411,артистичний,PSTV,0.9643,0.72,0.2,0.04,0.04,0.0422
412,артистка,NEUT,0.1,0.2143,0.6429,0.0357,0.1071,0.0417
413,артрит,NGTV,-1.0,0.0875,0.1375,0.65,0.125,0.0993
414,арфа,NEUT,0.3797,0.3611,0.5093,0.0185,0.1111,0.0195
415,архаїчний,NEUT,0.025,0.1458,0.5417,0.0625,0.25,0.0893
416,архаїчний,NEUT,-0.0256,0.14,0.4,0.15,0.31,0.2707
417,археолог,NEUT,0.3226,0.3366,0.5545,0.0,0.1089,0.0
418,археологічний,NEUT,0.0,0.16,0.72,0.0,0.12,0.0
419,археологія,NEUT,0.3824,0.3398,0.4757,0.0874,0.0971,0.1098
420,архів,NEUT,0.2573,0.26,0.51,0.06,0.17,0.0738
421,архівування,NEUT,0.2706,0.28,0.53,0.03,0.16,0.0332
422,архітектор,NEUT,0.416,0.3883,0.4951,0.0291,0.0874,0.0313
423,архітектурний,NEUT,0.2258,0.2913,0.6214,0.0485,0.0388,0.0566
424,асиметрія,NEUT,-0.0806,0.0741,0.7037,0.2222,0.0,0.0988
425,аскорбінка,PSTV,0.5714,0.48,0.39,0.04,0.09,0.0433
426,аскорбіновий,NEUT,0.2222,0.26,0.56,0.04,0.14,0.0462
427,аспірантка,NEUT,0.0455,0.16,0.56,0.04,0.24,0.05
428,аспірантура,NEUT,0.4252,0.3267,0.4059,0.0594,0.2079,0.0702
429,аспірин,NEUT,0.3684,0.33,0.48,0.08,0.11,0.0994
430,асистент,NEUT,0.4153,0.3564,0.4554,0.0495,0.1386,0.0564
431,асистентка,NEUT,0.3049,0.33,0.57,0.04,0.06,0.0448
432,асистувати,NEUT,0.5,0.35,0.35,0.03,0.27,0.0326
433,асорті,NEUT,0.3571,0.3333,0.5,0.0556,0.1111,0.0648
434,асортимент,NEUT,0.2043,0.2673,0.604,0.0495,0.0792,0.0587
435,асоціація,NEUT,0.0,0.12,0.6,0.04,0.24,0.0533
436,асоціювання,NEUT,0.1,0.2174,0.6522,0.0652,0.0652,0.0848
437,асоціювати,NEUT,0.1964,0.2549,0.5882,0.0196,0.1373,0.0211
438,асоціюватися,NEUT,0.1757,0.2451,0.598,0.0294,0.1275,0.0329
439,астероїд,NEUT,-0.0915,0.0735,0.6324,0.2059,0.0882,0.0998
440,астральний,NEUT,0.0847,0.198,0.4455,0.1584,0.198,0.2851
441,астрологічний,NEUT,0.0,0.1786,0.7143,0.0714,0.0357,0.1
442,астрологія,NEUT,0.2692,0.2913,0.5534,0.0583,0.0971,0.0699
443,астронавт,NEUT,0.3607,0.35,0.52,0.05,0.08,0.0571
444,астроном,NEUT,0.5301,0.4608,0.4216,0.0392,0.0784,0.0426
445,астрономічний,NEUT,0.0,0.12,0.84,0.0,0.04,0.0
446,астрономія,NEUT,0.3702,0.38,0.55,0.03,0.04,0.0324
447,астрофізичний,NEUT,0.0769,0.1724,0.5517,0.069,0.2069,0.0966
448,асфальт,NEUT,0.0,0.04,0.72,0.08,0.16,0.06
449,асфальтовий,NEUT,0.1,0.2069,0.6207,0.069,0.1034,0.092
450,асфальтоукладальник,NEUT,0.25,0.2772,0.5545,0.0495,0.1188,0.0583
451,атака,NGTV,-0.7308,0.0777,0.2913,0.5534,0.0777,0.0886
452,атакувати,NGTV,-0.6538,0.0792,0.3267,0.505,0.0891,0.0916
453,атеїзм,NEUT,-0.0205,0.1782,0.4653,0.1881,0.1683,0.3471
454,атеистка,NEUT,-0.2273,0.0792,0.505,0.2376,0.1782,0.1056
455,ательє,NEUT,0.339,0.3267,0.5149,0.0297,0.1287,0.0324
456,атлантичний,NEUT,0.0,0.1563,0.7188,0.0625,0.0625,0.0875
457,атлас,NEUT,0.374,0.3592,0.5146,0.0485,0.0777,0.0551
458,атлет,PSTV,0.5976,0.4851,0.3663,0.0396,0.1089,0.0428
459,атлетика,PSTV,0.65,0.5149,0.3366,0.0297,0.1188,0.0314
460,атмосфера,NEUT,0.0769,0.2,0.64,0.04,0.12,0.048
461,атомний,NEUT,-0.1699,0.1373,0.5588,0.2255,0.0784,0.2208
462,атестат,NEUT,0.5153,0.4455,0.4257,0.0693,0.0594,0.0801
463,атестація,NEUT,0.5,0.39,0.39,0.09,0.13,0.1108
464,атракціон,PSTV,0.6707,0.55,0.34,0.02,0.09,0.0207
465,ауді,NEUT,0.1,0.2069,0.6207,0.0345,0.1379,0.0402
466,аудіо,NEUT,0.0556,0.2,0.68,0.04,0.08,0.048
467,аудіозапис,NEUT,0.0,0.16,0.8,0.0,0.04,0.0
468,аудіокасета,NEUT,0.2317,0.3,0.63,0.0,0.07,0.0
469,аудіосистема,NEUT,0.0294,0.2069,0.7586,0.0,0.0345,0.0
470,аудиторія,NEUT,0.1466,0.25,0.66,0.04,0.05,0.0464
471,АУКА,NEUT,0.1452,0.1961,0.5196,0.1176,0.1667,0.1882
472,аукціон,NEUT,0.0,0.1481,0.6667,0.0,0.1852,0.0
473,аукционер,NEUT,0.2377,0.2885,0.5962,0.0385,0.0769,0.0436
474,аукціоніст,NEUT,0.0,0.08,0.68,0.0,0.24,0.0
475,аукціонний,NEUT,0.0,0.12,0.68,0.04,0.16,0.0533
476,аул,NEUT,0.0,0.0741,0.6667,0.037000000000000005,0.2222,0.0556
477,аутизм,NGTV,-0.677,0.07,0.31,0.51,0.11,0.0796
478,аутист,NGTV,-0.475,0.07,0.42,0.39,0.12,0.0826
479,афганський,NEUT,0.0,0.0,1.0,0.0,0.0,0.0
480,афера,NGTV,-1.0,0.08,0.12,0.72,0.08,0.0889
481,аферист,NGTV,-1.0,0.0769,0.0,0.8846,0.0385,0.0836
482,аферистка,NGTV,-1.0,0.0857,0.0571,0.8286,0.0286,0.0946
483,афіша,NEUT,0.2623,0.31,0.6,0.02,0.07,0.0213
484,афішування,NEUT,-0.1522,0.09,0.52,0.2,0.19,0.1305
485,афішувати,NEUT,0.101,0.2157,0.4118,0.1667,0.2059,0.2955
486,африканець,NEUT,0.0,0.0,1.0,0.0,0.0,0.0
487,африканський,NEUT,0.0,0.0,1.0,0.0,0.0,0.0
488,афроамериканець,NEUT,0.0,0.0,1.0,0.0,0.0,0.0
489,афроамериканка,NEUT,0.0,0.0,1.0,0.0,0.0,0.0
490,ахати,NEUT,0.0379,0.2178,0.4257,0.198,0.1584,0.378
491,ахінея,NGTV,-0.9,0.0714,0.1667,0.5,0.2619,0.0816
492,ойкнути,NEUT,0.0588,0.2,0.56,0.17,0.07,0.3145
493,ацетон,NEUT,-0.0894,0.1386,0.505,0.1782,0.1782,0.2464
494,аеродром,NEUT,0.0357,0.2,0.72,0.04,0.04,0.048
495,аерозоль,NEUT,0.0,0.12,0.6,0.04,0.24,0.0533
496,аеромобіль,NEUT,0.2925,0.28,0.5,0.06,0.16,0.0729
497,аероплан,NEUT,0.1606,0.24,0.61,0.03,0.12,0.0338
498,аеропорт,NEUT,0.1,0.2222,0.6667,0.0,0.1111,0.0
499,аерофлот,NEUT,0.0676,0.2258,0.7419,0.0323,0.0,0.0369
500,баба,NGTV,-0.55,0.0762,0.3619,0.419,0.1429,0.09
501,баба Яга,NGTV,-0.9242,0.1154,0.1827,0.5865,0.1154,0.1381
502,бабай,NGTV,-1.0,0.0,0.12,0.68,0.2,0.0
503,бабахнути,NGTV,-0.4047,0.1273,0.3727,0.3636,0.1364,0.1718
504,бабища,NGTV,-0.9,0.13,0.18,0.54,0.15,0.1613
505,бабка,NEUT,-0.2051,0.1532,0.4505,0.2613,0.1351,0.2429
506,бабло,NEUT,0.0414,0.3269,0.3173,0.2981,0.0577,0.5699
507,бабій,NGTV,-1.0,0.0889,0.0889,0.8,0.0222,0.0988
508,метелик,PSTV,0.684,0.5588,0.3333,0.0392,0.0686,0.042
509,бабулька,PSTV,0.5794,0.4902,0.2157,0.1863,0.1078,0.2571
510,бабуля,PSTV,0.9828,0.76,0.2,0.0,0.04,0.0
511,бабуся,PSTV,1.0,0.6522,0.1522,0.087,0.1087,0.0986
512,бабуся,PSTV,0.9247,0.7031,0.2188,0.0156,0.0625,0.016
513,бабусин,NEUT,0.0357,0.1852,0.6667,0.0,0.1481,0.0
514,молодичка,NEUT,-0.255,0.1881,0.3465,0.3465,0.1188,0.2902
515,баг,NGTV,-0.9,0.0833,0.1548,0.4643,0.2976,0.0983
516,багаж,NEUT,0.0,0.08,0.88,0.0,0.04,0.0
517,багажник,NEUT,0.0172,0.1923,0.7308,0.0385,0.0385,0.0462
518,багажний,NEUT,0.0,0.16,0.72,0.0,0.12,0.0
519,червоніти,NEUT,-0.3317,0.0991,0.4054,0.2523,0.2432,0.138
520,багряний,NEUT,0.2353,0.2475,0.5149,0.1089,0.1287,0.1568
521,бадмінтон,NEUT,0.3095,0.3148,0.537,0.0463,0.1019,0.0531
522,база,NEUT,0.0769,0.1563,0.5,0.0625,0.2813,0.0875
523,базар,NEUT,0.0644,0.1827,0.6058,0.125,0.0865,0.2105
524,базарить,NGTV,-0.8333,0.0396,0.2574,0.6436,0.0594,0.042
525,базовий,NEUT,0.219,0.2661,0.578,0.0459,0.1101,0.0538
526,базука,NGTV,-0.4587,0.1,0.38,0.35,0.17,0.1286
527,байдарка,NEUT,0.2864,0.2673,0.4851,0.0594,0.1881,0.0726
528,байк,NEUT,0.0714,0.1739,0.5652,0.0217,0.2391,0.0245
529,байкер,NEUT,-0.0437,0.1485,0.5446,0.1683,0.1386,0.2796
530,бакенбарди,NEUT,0.0,0.04,0.8,0.04,0.12,0.08
531,баклажан,NEUT,0.0,0.1154,0.6923,0.0,0.1923,0.0
532,баклажанний,NEUT,0.0172,0.1923,0.7308,0.0,0.0769,0.0
533,баклан,NGTV,-0.3793,0.1154,0.4615,0.3269,0.0962,0.1561
534,бактерія,NEUT,-0.0558,0.1466,0.5776,0.1724,0.1034,0.2711
535,бал,PSTV,0.5806,0.4752,0.3762,0.0594,0.0891,0.0668
536,бал маскарад,PSTV,0.9,0.6545,0.2182,0.0,0.1273,0.0
537,балабол,NGTV,-0.9,0.0417,0.2083,0.625,0.125,0.0444
538,балаган,NGTV,-0.9286,0.0238,0.1905,0.619,0.1667,0.0247
539,баляси,NEUT,-0.0379,0.2816,0.1553,0.301,0.2621,0.5449
540,баламутити,NGTV,-0.9066,0.0851,0.1915,0.5851,0.1383,0.0975
541,баланс,NEUT,0.0769,0.2,0.64,0.04,0.12,0.048
542,балансування,NEUT,0.3244,0.36,0.59,0.01,0.04,0.0103
543,балансувати,NEUT,0.4507,0.4327,0.5,0.0096,0.0577,0.0098
544,балансування,NEUT,0.5075,0.4455,0.4356,0.0594,0.0594,0.0673
545,балбес,NGTV,-0.9643,0.04,0.2,0.72,0.04,0.0422
546,балда,NGTV,-0.995,0.1176,0.1667,0.6569,0.0588,0.1387
547,балдьож,PSTV,0.9677,0.604,0.1287,0.1584,0.1089,0.2
548,балерина,NEUT,0.5294,0.466,0.4272,0.0097,0.0971,0.0099
549,балеринка,NEUT,0.5,0.3654,0.3654,0.0481,0.2212,0.0544
550,балет,PSTV,0.6429,0.5192,0.3462,0.0288,0.1058,0.0304
551,балетний,NEUT,0.3978,0.402,0.5392,0.0294,0.0294,0.0316
552,балкон,NEUT,0.0106,0.1778,0.6889,0.0667,0.0667,0.0917
553,балкончик,NEUT,0.375,0.3398,0.4854,0.0583,0.1165,0.0682
554,бал,NEUT,0.4194,0.38,0.48,0.06,0.08,0.0695
555,балон,NEUT,0.0,0.0385,0.8462,0.0,0.1154,0.0
556,балончик,NEUT,0.0,0.16,0.68,0.04,0.12,0.05
557,балувати,NEUT,0.0945,0.2941,0.3725,0.2353,0.098,0.4235
558,балуватися,NEUT,-0.2439,0.18,0.42,0.33,0.07,0.2782
559,улюбленець,NGTV,-0.9783,0.0769,0.1538,0.5769,0.1923,0.0872
560,мазухо,NEUT,0.0172,0.2404,0.3462,0.2308,0.1827,0.4523
561,баловство,NGTV,-0.6395,0.1028,0.3458,0.514,0.0374,0.1234
562,бамбук,NEUT,0.3293,0.3333,0.5392,0.049,0.0784,0.0562
563,бамбуковий,NEUT,0.2105,0.2596,0.5769,0.0673,0.0962,0.0848
564,бампер,NEUT,0.0,0.1429,0.75,0.0357,0.0714,0.0446
565,банальність,NGTV,-0.4344,0.09,0.46,0.38,0.07,0.1113
566,банальний,NGTV,-0.4211,0.125,0.375,0.375,0.125,0.1667
567,банальщина,NGTV,-0.7759,0.02,0.28,0.6,0.1,0.0207
568,банан,NEUT,0.364,0.36,0.53,0.04,0.07,0.0444
569,банановий,NEUT,0.3852,0.3564,0.495,0.0297,0.1188,0.0322
570,банда,NGTV,-0.8514,0.0297,0.2376,0.6238,0.1089,0.0311
571,бандана,NEUT,0.0,0.04,0.8,0.04,0.12,0.08
572,бандит,NGTV,-1.0,0.0667,0.0667,0.7667,0.1,0.0725
573,бандитизм,NGTV,-1.0,0.08,0.12,0.72,0.08,0.0889
574,бандитка,NGTV,-1.0,0.04,0.12,0.8,0.04,0.042
575,бандитський,NGTV,-1.0,0.0,0.16,0.84,0.0,0.0
576,бандюган,NGTV,-1.0,0.0,0.0345,0.931,0.0345,0.0
577,банити,NGTV,-1.0,0.08,0.12,0.64,0.16,0.09
578,банк,NEUT,0.2009,0.2475,0.5644,0.099,0.0891,0.1386
579,банкет,PSTV,0.5698,0.4851,0.396,0.0495,0.0693,0.0546
580,банкетний,NEUT,0.4076,0.36,0.47,0.05,0.12,0.0569
581,банкир,NEUT,0.1261,0.2069,0.5776,0.1034,0.1121,0.1552
582,банкирша,NEUT,0.129,0.2,0.5,0.14,0.16,0.238
583,банковский,NEUT,0.0172,0.2,0.76,0.0,0.04,0.0
584,банковий,NEUT,0.0769,0.2,0.64,0.04,0.12,0.048
585,банкомат,NEUT,0.0,0.1429,0.8286,0.0286,0.0,0.0343
586,банкрут,NGTV,-1.0,0.0,0.1111,0.8519,0.037000000000000005,0.0
587,банер,NEUT,0.0,0.0385,0.6538,0.1538,0.1538,0.0481
588,баночка,NEUT,0.3108,0.3,0.51,0.06,0.13,0.07200000000000001
589,бант,NEUT,0.0357,0.1818,0.6545,0.0182,0.1455,0.02
590,бантик,NEUT,0.5373,0.4752,0.4257,0.0396,0.0594,0.0429
591,банька,PSTV,0.9,0.619,0.2063,0.0794,0.0952,0.0895
592,барабан,NEUT,0.244,0.3069,0.6238,0.0297,0.0396,0.0326
593,барабанить,NEUT,-0.0625,0.069,0.6897,0.2069,0.0345,0.092
594,барабанный,NEUT,0.0,0.12,0.68,0.04,0.16,0.0533
595,барабанчик,NEUT,0.1,0.2222,0.6667,0.0741,0.037000000000000005,0.0988
596,барабанщик,NEUT,0.2895,0.297,0.5347,0.0594,0.1089,0.0713
597,барабанщица,NEUT,0.1,0.2188,0.6563,0.0313,0.0938,0.0357
598,баран,NEUT,-0.1321,0.17,0.48,0.24,0.11,0.2904
599,бараний,NEUT,0.0,0.0385,0.6538,0.1538,0.1538,0.0481
600,баранина,NEUT,0.3898,0.3333,0.4571,0.1143,0.0952,0.1535
601,баранчик,NEUT,0.338,0.31,0.37,0.13,0.19,0.1845
602,барахлишко,NEUT,-0.2281,0.16,0.48,0.29,0.07,0.2483
603,барахло,NGTV,-0.7051,0.09,0.31,0.55,0.05,0.1047
604,барахтанье,NEUT,-0.1794,0.1604,0.4434,0.2547,0.1415,0.2614
605,барахтаться,NEUT,-0.2282,0.0882,0.5196,0.2451,0.1471,0.12
606,барашек,PSTV,0.6732,0.5534,0.3398,0.0485,0.0583,0.0528
607,барбарис,NEUT,0.4449,0.396,0.4653,0.0297,0.1089,0.0319
608,барбекю,NEUT,0.516,0.43,0.41,0.04,0.12,0.0437
609,барбос,NEUT,0.2559,0.2405,0.4367,0.1203,0.2025,0.1804
610,бардак,NGTV,-1.0,0.0357,0.1786,0.7857,0.0,0.0373
611,бариста,NEUT,0.3571,0.2941,0.4412,0.0686,0.1961,0.0846
612,бармен,NEUT,0.2791,0.2718,0.4951,0.1262,0.1068,0.1848
613,баронский,NEUT,0.05,0.1524,0.381,0.1333,0.3333,0.25
614,баррикада,NEUT,-0.0511,0.2277,0.3861,0.2574,0.1287,0.4292
615,барсук,NEUT,0.3361,0.3366,0.5347,0.0495,0.0792,0.0568
616,барсучий,NEUT,0.0,0.1389,0.6111,0.0278,0.2222,0.0333
617,бартер,NEUT,0.0,0.0769,0.8846,0.0,0.0385,0.0
618,бархат,NEUT,0.4268,0.38,0.47,0.02,0.13,0.0211
619,бархатистость,PSTV,0.75,0.5098,0.2549,0.049,0.1863,0.0537
620,бархатистый,PSTV,0.7222,0.5909,0.3182,0.0182,0.0727,0.0187
621,бархатный,PSTV,0.7258,0.5941,0.3168,0.0099,0.0792,0.0101
622,барыня,NEUT,0.1,0.2222,0.6667,0.037000000000000005,0.0741,0.0432
623,барышня,NEUT,0.5081,0.4158,0.4059,0.0891,0.0891,0.1082
624,барьер,NEUT,-0.125,0.11,0.56,0.2,0.13,0.1705
625,барьерный,NEUT,0.0,0.1081,0.6757,0.0541,0.1622,0.0811
626,бас,NEUT,0.1,0.2222,0.6667,0.037000000000000005,0.0741,0.0432
627,бас-гитара,NEUT,0.4416,0.3981,0.4722,0.0,0.1296,0.0
628,бас-гитарист,NEUT,0.4268,0.38,0.47,0.02,0.13,0.0211
629,басистый,NEUT,0.0833,0.2059,0.6471,0.0588,0.0882,0.0756
630,баскетбол,PSTV,0.5515,0.4854,0.4175,0.0194,0.0777,0.0202
631,баскетболист,NEUT,0.0769,0.2,0.64,0.0,0.16,0.0
632,баскетболистка,NEUT,0.4194,0.3689,0.466,0.0777,0.0874,0.094
633,баскетбольный,NEUT,0.0,0.16,0.68,0.04,0.12,0.05
634,баснописец,NEUT,0.3824,0.3465,0.4851,0.0396,0.1287,0.0441
635,басня,NEUT,0.54,0.4455,0.396,0.0495,0.1089,0.055
636,бассейн,NEUT,0.4375,0.4,0.48,0.05,0.07,0.0563
637,бастовать,NGTV,-0.9194,0.0625,0.1875,0.5938,0.1563,0.0691
638,бастующий,NGTV,-0.9194,0.0303,0.1818,0.5758,0.2121,0.0319
639,басурманин,NGTV,-0.7737,0.07,0.23,0.49,0.21,0.08
640,батальон,NEUT,0.1,0.1905,0.5714,0.0714,0.1667,0.0982
641,батарейка,NEUT,0.0,0.12,0.8,0.04,0.04,0.0533
642,батарейный,NEUT,0.0526,0.1628,0.5581,0.0698,0.2093,0.0997
643,батарея,NEUT,0.0357,0.1852,0.6667,0.037000000000000005,0.1111,0.0444
644,батон,NEUT,0.3906,0.3619,0.4952,0.0381,0.1048,0.0421
645,батончик,NEUT,0.3571,0.3564,0.5347,0.0297,0.0792,0.0322
646,батут,NEUT,0.4389,0.402,0.4804,0.0588,0.0588,0.0674
647,батюшка,PSTV,1.0,0.6538,0.1538,0.0385,0.1538,0.0407
648,батя,PSTV,0.6609999999999999,0.5049,0.3204,0.0777,0.0971,0.0896
649,бахила,NEUT,0.0,0.08,0.88,0.0,0.04,0.0
650,бахнуть,NGTV,-0.5045,0.1346,0.2981,0.4038,0.1635,0.1795
651,бахрома,NEUT,0.1346,0.2018,0.5505,0.0642,0.1835,0.0847
652,бацилла,NGTV,-1.0,0.0,0.1154,0.7692,0.1154,0.0
653,бачок,NEUT,0.0,0.04,0.8,0.0,0.16,0.0
654,башенка,NEUT,0.4174,0.3558,0.4519,0.0673,0.125,0.08
655,башка,NGTV,-0.6714,0.09,0.29,0.47,0.15,0.1072
656,башкир,NEUT,0.0,0.0,1.0,0.0,0.0,0.0
657,башмак,NEUT,0.1571,0.23,0.59,0.09,0.09,0.1252
658,башмачник,NEUT,0.3276,0.32,0.52,0.03,0.13,0.0328
659,башмачок,NEUT,0.371,0.3564,0.5149,0.0198,0.1089,0.0209
660,башня,NEUT,0.0926,0.2,0.6125,0.05,0.1375,0.0625
661,баюкать,PSTV,1.0,0.7407,0.1852,0.0,0.0741,0.0
662,бдительность,PSTV,0.9,0.6818,0.2273,0.0682,0.0227,0.075
663,бдительный,PSTV,0.9,0.7,0.2333,0.0667,0.0,0.073
664,бег,NEUT,0.4139,0.3833,0.4917,0.0583,0.0667,0.0672
665,беганье,NEUT,0.1938,0.2455,0.5,0.1455,0.1091,0.2316
666,бегать,NEUT,0.1,0.2258,0.6774,0.0,0.0968,0.0
667,бегемот,NEUT,0.1944,0.25,0.58,0.07,0.1,0.0896
668,беглец,NGTV,-0.69,0.1089,0.2673,0.4554,0.1683,0.135
669,беглянка,NGTV,-0.5174,0.1089,0.297,0.3663,0.2277,0.1413
670,беговой,NEUT,0.0172,0.1852,0.7037,0.037000000000000005,0.0741,0.0444
671,беготня,NEUT,-0.2521,0.1538,0.4808,0.2981,0.0673,0.2333
672,бегство,NGTV,-0.514,0.0648,0.4352,0.4537,0.0463,0.0741
673,бегун,NEUT,0.3049,0.3204,0.5534,0.068,0.0583,0.0824
674,беда,NGTV,-1.0,0.04,0.0,0.96,0.0,0.0417
675,беднейший,NGTV,-1.0,0.0714,0.1429,0.6786,0.1071,0.0789
676,бедненький,NGTV,-0.7368,0.1068,0.2816,0.5437,0.068,0.1278
677,беднеть,NGTV,-1.0,0.0667,0.1,0.7333,0.1,0.0727
678,бедность,NGTV,-0.9375,0.0357,0.2143,0.7143,0.0357,0.0375
679,беднота,NGTV,-0.9,0.0435,0.2174,0.6522,0.087,0.0464
680,бедный,NGTV,-0.9167,0.0313,0.2188,0.6875,0.0625,0.0327
681,бедняга,NGTV,-0.7571,0.11,0.26,0.53,0.1,0.1328
682,бедняжка,NGTV,-0.4596,0.1569,0.3137,0.4216,0.1078,0.2152
683,бедняк,NGTV,-0.8491,0.08,0.23,0.6,0.09,0.0907
684,бедолага,NGTV,-0.6429,0.0891,0.3366,0.505,0.0693,0.1048
685,бедро,NEUT,0.0,0.12,0.84,0.04,0.0,0.0533
686,бедствие,NGTV,-1.0,0.0,0.1071,0.8571,0.0357,0.0
687,бежать,NEUT,0.2448,0.3,0.6083,0.0333,0.0583,0.037000000000000005
688,бежевый,NEUT,0.1792,0.2376,0.5743,0.0396,0.1485,0.0462
689,беженец,NGTV,-0.525,0.0874,0.3786,0.4078,0.1262,0.1061
690,безаварийный,PSTV,0.9,0.6563,0.2188,0.0625,0.0625,0.0685
691,безалаберность,NGTV,-1.0,0.08,0.04,0.72,0.16,0.0889
692,безалаберный,NGTV,-1.0,0.0882,0.0588,0.7941,0.0588,0.098
693,безалкогольный,NEUT,0.4498,0.3981,0.3786,0.1262,0.0971,0.1662
694,безальтернативность,NGTV,-0.6391,0.0811,0.2973,0.4414,0.1802,0.096
695,безапелляционный,NEUT,-0.3182,0.0673,0.4327,0.2596,0.2404,0.0848
696,безбашенность,NGTV,-0.5114,0.1881,0.2376,0.4653,0.1089,0.2642
697,безбедный,PSTV,1.0,0.6667,0.1481,0.037000000000000005,0.1481,0.0391
698,безбилетник,NGTV,-1.0,0.0,0.1481,0.6296,0.2222,0.0
699,безбилетница,NGTV,-1.0,0.08,0.12,0.68,0.12,0.0894
700,безбилетный,NGTV,-0.7314,0.05,0.31,0.59,0.05,0.0542
701,безбожие,NGTV,-0.7212,0.0865,0.2596,0.4808,0.1731,0.1021
702,безболезненность,PSTV,0.7566,0.57,0.28,0.11,0.04,0.1312
703,безболезненный,PSTV,0.9112,0.65,0.21,0.09,0.05,0.1025
704,безбородый,NEUT,0.0,0.0588,0.7647,0.0882,0.0882,0.098
705,безбрачный,NEUT,-0.0806,0.0,0.7308,0.2308,0.0385,0.0
706,безвітряний,NEUT,0.1449,0.23,0.61,0.08,0.08,0.1078
707,безвизовый,NEUT,0.1613,0.3168,0.3168,0.2178,0.1485,0.3676
708,безвинность,PSTV,0.7162,0.5248,0.2871,0.0792,0.1089,0.0912
709,безвкусие,NGTV,-0.9,0.0541,0.2162,0.6486,0.0811,0.0586
710,безвкусица,NGTV,-0.9545,0.0,0.2222,0.7778,0.0,0.0
711,несмачний,NGTV,-0.5476,0.07,0.4,0.46,0.07,0.0807
712,безвластие,NGTV,-0.875,0.0865,0.1923,0.5385,0.1827,0.1004
713,безвозвратный,NGTV,-0.6667,0.0762,0.2857,0.4571,0.181,0.0889
